37.5301728,122.0737739,20.087463
37.5301759,122.0737615,19.49292
37.5301799,122.0737484,18.940613
37.5301833,122.0737348,18.50177
37.5301871,122.0737241,18.69165
37.5301913,122.0737103,19.056396
37.5301942,122.0736991,19.091187
37.530196,122.0736864,19.600342
37.5301955,122.0736716,19.37561
37.5301958,122.073656,18.509399
37.5301972,122.0736402,18.303528
37.5302007,122.0736237,18.147644
37.530203,122.0736071,18.236511
37.5302044,122.0735896,18.099548
37.5302049,122.0735741,17.952759
37.5302027,122.0735583,17.669128
37.5302011,122.0735424,17.401123
37.5302022,122.0735257,17.26709
37.530203,122.0735086,17.434692
37.5302031,122.0734937,17.557617
37.5302052,122.0734779,17.029419
37.5302068,122.0734616,16.850342
37.5302039,122.0734457,16.476563
37.5302039,122.0734302,15.888245
37.5302013,122.0734139,16.294861
37.530195,122.0733974,16.803711
37.5301895,122.0733783,16.963562
37.5301853,122.0733608,17.112427
37.5301853,122.0733444,16.35907
37.5301844,122.0733293,16.461914
37.5301824,122.0733141,16.152893
37.5301791,122.0732989,16.135559
37.5301751,122.0732824,16.26062
37.5301713,122.0732667,16.252441
37.5301675,122.07325,16.095581
37.5301639,122.0732322,16.300354
37.5301592,122.073215,16.541077
37.5301539,122.073198,16.671753
37.5301491,122.0731821,16.776062
37.5301443,122.0731682,16.507629
37.5301394,122.0731545,16.754456
37.5301335,122.0731411,17.247375
37.5301258,122.0731281,17.276855
37.5301184,122.073115,17.405884
37.5301112,122.0731013,17.270996
37.5301053,122.0730868,17.684082
37.5300994,122.0730726,18.018433
37.5300925,122.0730559,18.207581
37.5300852,122.0730397,18.568237
37.5300785,122.0730233,18.801086
37.5300722,122.073008,18.550354
37.5300656,122.0729933,18.537231
37.5300586,122.0729773,18.464233
37.5300514,122.072962,18.595703
37.5300452,122.0729473,18.538696
37.5300431,122.0729343,17.672119
37.5300429,122.0729196,17.269409
37.5300404,122.0729035,17.249634
37.5300353,122.0728897,16.658447
37.5300291,122.0728765,16.344421
37.530021,122.072863,16.154663
37.5300111,122.0728503,16.355774
37.5300012,122.0728382,16.44574
37.529994,122.0728273,16.322388
37.5299863,122.0728155,16.433044
37.5299758,122.0728028,16.597839
37.5299639,122.0727907,16.737427
37.5299509,122.07278,17.055054
37.5299367,122.0727695,17.214233
37.5299244,122.0727576,17.246338
37.5299133,122.0727459,17.279541
37.5299021,122.0727345,17.195801
37.5298917,122.0727244,17.180298
37.5298825,122.0727144,16.94635
37.5298727,122.0727047,17.234131
37.5298621,122.0726958,17.449768
37.529851,122.072686,17.699402
37.5298411,122.0726767,17.842346
37.529831,122.0726688,17.819336
37.5298207,122.0726605,17.622498
37.5298111,122.0726519,17.539246
37.5298,122.0726427,17.315979
37.5297887,122.0726341,17.180603
37.5297773,122.0726265,17.157898
37.5297657,122.0726214,16.792786
37.5297544,122.0726156,16.758728
37.5297445,122.0726066,17.357178
37.5297351,122.0725973,17.457764
37.5297249,122.0725909,17.575989
37.5297151,122.0725842,17.423462
37.5297051,122.0725753,17.260559
37.5296936,122.0725667,16.935608
37.5296829,122.0725599,17.081177
37.5296716,122.0725543,17.125977
37.5296603,122.0725487,16.923462
37.5296513,122.0725425,16.957397
37.5296416,122.0725373,16.511963
37.5296324,122.0725308,16.648865
37.5296237,122.0725218,16.841187
37.5296143,122.0725139,16.742981
37.5296055,122.0725088,16.745178
37.5295968,122.0724993,17.108459
37.5295921,122.0724856,16.9729
37.5295926,122.0724694,17.981934
37.5295957,122.0724588,17.529419
37.5295982,122.0724486,17.158569
37.5296011,122.0724336,17.490479
37.5296061,122.0724172,17.677979
37.5296103,122.0724016,17.664246
37.5296134,122.0723872,17.74762
37.529616,122.0723713,17.838257
37.5296183,122.072355,17.962952
37.5296197,122.0723368,18.239258
37.5296233,122.0723217,18.817932
37.5296281,122.0723065,18.553711
37.5296306,122.0722895,18.140869
37.5296322,122.0722728,18.030701
37.5296341,122.0722565,18.089539
37.5296365,122.0722402,18.463501
37.5296395,122.0722241,18.562317
37.5296417,122.0722083,18.969604
37.5296439,122.0721931,19.531372
37.5296467,122.0721778,19.630066
37.5296493,122.0721626,19.714722
37.5296509,122.0721472,19.787842
37.5296539,122.0721347,19.783203
37.529659,122.0721208,20.022766
37.5296635,122.0721061,19.738342
37.5296666,122.0720902,20.020569
37.5296696,122.0720739,20.228271
37.5296731,122.072058,20.362427
37.5296754,122.0720411,20.931519
37.5296778,122.072025,20.644836
37.52968,122.0720096,20.968384
37.5296833,122.0719945,21.122742
37.5296859,122.0719783,21.21698
37.5296867,122.0719605,21.547302
37.5296882,122.0719441,21.463623
37.5296918,122.0719297,21.388916
37.5296942,122.0719146,21.273926
37.529697,122.0719001,21.112732
37.5297004,122.0718853,20.97113
37.5297053,122.0718709,21.182983
37.5297086,122.0718564,21.608337
37.5297118,122.0718424,21.786255
37.5297184,122.0718312,21.658936
37.5297265,122.0718198,21.809814
37.5297353,122.0718089,21.776672
37.5297456,122.0718023,21.631836
37.529757,122.0717968,21.886902
37.5297697,122.0717915,21.920776
37.5297814,122.0717872,22.175964
37.5297915,122.0717816,22.0354
37.5298028,122.0717754,22.078491
37.5298133,122.0717694,22.30188
37.5298234,122.0717647,22.500488
37.5298348,122.0717591,22.35437
37.5298469,122.0717515,22.600708
37.5298587,122.0717435,22.345215
37.5298704,122.0717366,22.079102
37.5298818,122.0717327,21.713257
37.5298949,122.0717308,21.190063
37.5299063,122.0717271,20.86615
37.5299185,122.0717211,20.604736
37.5299309,122.0717183,20.331848
37.5299442,122.071719,20.06665
37.5299559,122.0717245,19.495544
37.5299671,122.0717335,19.42981
37.5299782,122.0717436,19.312073
37.529988,122.0717536,19.128479
37.5299973,122.0717651,18.8349
37.5300056,122.0717777,18.648926
37.5300146,122.0717892,18.440674
37.530025,122.0718008,18.270203
37.5300326,122.0718125,17.988708
37.5300405,122.0718238,17.4776
37.5300498,122.0718356,17.413513
37.5300594,122.071849,17.515625
37.5300667,122.0718631,17.124207
37.5300719,122.0718766,16.74585
37.5300748,122.071891,16.857971
37.5300783,122.0719068,16.800781
37.5300824,122.0719208,16.604431
37.5300858,122.0719343,16.370544
37.5300858,122.0719473,15.880981
37.5300875,122.0719622,15.872864
37.5300906,122.071976,15.992676
37.5300909,122.0719906,15.50116
37.5300917,122.0720063,15.773499
37.5300947,122.0720215,15.55188
37.5301,122.0720381,15.616821
37.5301062,122.0720533,15.426331
37.5301108,122.0720686,15.402161
37.5301129,122.0720845,15.255737
37.5301149,122.0721004,15.213745
37.5301176,122.0721169,15.956665
37.5301241,122.0721334,16.48584
37.5301296,122.0721489,16.69696
37.5301352,122.0721643,16.774475
37.5301377,122.0721785,16.601807
37.5301392,122.0721932,16.664368
37.5301412,122.0722095,16.608459
37.5301447,122.0722264,16.777588
37.5301504,122.0722412,16.974976
37.5301592,122.0722522,16.87146
37.5301677,122.0722621,16.475464
37.5301747,122.0722729,16.875977
37.5301818,122.0722827,16.625122
37.530188,122.0722917,16.506042
37.5301916,122.0722996,16.586304
37.5301972,122.0723106,16.480347
37.5302041,122.0723185,16.518127
37.5302105,122.0723263,17.183289
37.5302166,122.0723355,16.494263
37.5302239,122.0723468,16.648438
37.5302313,122.0723588,16.753906
37.5302394,122.0723694,16.232483
37.5302468,122.0723791,16.029785
37.5302538,122.0723889,15.856201
37.5302619,122.072399,15.672546
37.5302704,122.0724098,15.395691
37.5302783,122.0724221,15.872009
37.5302846,122.0724356,16.327271
37.5302901,122.0724494,16.635437
37.5302955,122.0724645,16.937622
37.5303001,122.0724782,16.893127
37.5303044,122.0724923,17.249634
37.5303092,122.0725078,17.409973
37.5303151,122.0725221,17.521423
37.5303206,122.0725355,17.406921
37.5303249,122.0725498,17.648926
37.5303298,122.0725645,17.534302
37.5303339,122.0725798,17.462585
37.5303393,122.072596,17.713501
37.5303446,122.0726104,17.781921
37.5303504,122.0726255,17.380249
37.5303556,122.0726419,17.479553
37.5303597,122.0726573,17.860352
37.5303639,122.0726723,18.11322
37.530369,122.0726869,18.108276
37.5303741,122.0727021,18.147156
37.530377,122.0727184,17.984741
37.5303781,122.072733,17.742737
37.5303794,122.0727465,17.789368
37.5303829,122.0727598,18.04071
37.530387,122.0727743,18.308716
37.5303923,122.0727865,18.087097
37.5303979,122.0727986,17.903809
37.5304033,122.0728113,17.718384
37.5304062,122.0728244,17.751404
37.5304067,122.0728396,17.849548
37.5304099,122.0728531,17.677185
37.5304156,122.0728673,17.994324
37.5304205,122.0728819,18.078369
37.5304262,122.0728961,17.973694
37.5304315,122.0729094,18.289307
37.5304354,122.0729228,18.2099
37.5304371,122.0729371,18.255371
37.5304388,122.0729523,18.429138
37.5304399,122.0729666,18.315369
37.5304411,122.0729803,18.404419
37.5304426,122.0729935,18.236877
37.5304424,122.0730072,18.36676
37.5304408,122.0730202,18.533142
37.5304403,122.0730338,18.92041
37.5304403,122.0730472,18.759094
37.5304392,122.07306,18.606079
37.5304382,122.0730734,18.681152
37.5304369,122.0730876,18.934937
37.5304353,122.0731018,19.239014
37.530435,122.0731168,18.885498
37.5304357,122.0731307,19.322083
37.5304378,122.0731469,19.331665
37.5304397,122.0731618,19.605408
37.5304425,122.0731763,19.512634
37.5304459,122.0731913,19.901123
37.5304499,122.0732077,19.860718
37.5304548,122.0732228,19.554443
37.5304599,122.0732371,19.359497
37.5304645,122.0732521,19.526794
37.5304686,122.0732666,19.214111
37.530474,122.0732825,19.035706
37.5304804,122.0732977,18.626038
37.530487,122.0733134,18.461121
37.5304925,122.0733292,18.5625
37.530497,122.0733436,18.197083
37.530503,122.0733574,17.786316
37.5305093,122.0733717,18.250916
37.5305156,122.0733837,17.968323
37.5305197,122.0733949,17.759521
37.5305216,122.0734044,17.68219
37.5305219,122.0734167,17.737915
37.5305235,122.0734286,17.332886
37.5305271,122.0734401,17.61908
37.5305324,122.0734517,17.912354
37.5305384,122.0734641,17.806885
37.5300283,122.0724587,24.205994
37.5300154,122.0724675,23.676392
37.5300055,122.0724679,22.744263
37.5299982,122.0724749,23.162842
37.5299897,122.0724769,23.168701
37.5299815,122.0724813,22.844116
37.5299738,122.0724872,22.358948
37.5299661,122.0724932,22.000671
37.5299582,122.0724972,21.81311
37.529949,122.0725034,21.851929
37.5299399,122.0725113,21.871948
37.5299318,122.072518,21.558044
37.5299254,122.072525,21.331787
37.5299186,122.072532,20.759155
37.5299116,122.0725398,20.532349
37.5299045,122.0725473,20.500427
37.5298978,122.0725543,20.333374
37.5298895,122.0725601,20.542053
37.5298808,122.0725648,20.508911
37.5298725,122.0725697,20.292664
37.5298636,122.0725774,20.560608
37.5298552,122.0725862,20.418213
37.5298456,122.0725944,20.585815
37.5298363,122.0726012,20.390747
37.5298265,122.0726068,20.064026
37.5298185,122.072612,19.935181
37.5298094,122.0726166,20.025757
37.5297994,122.0726222,19.618469
37.5297895,122.0726284,19.62854
37.52978,122.0726351,19.479187
37.5297695,122.0726403,19.122131
37.5297599,122.0726412,18.820007
37.5297519,122.0726385,18.430847
37.5297422,122.072632,18.494446
37.5297313,122.0726242,18.55127
37.5297203,122.0726172,18.592224
37.5297094,122.0726099,18.590027
37.5296982,122.0726019,18.289551
37.5296882,122.0725917,18.178833
37.5296787,122.0725815,17.85498
37.5296698,122.072573,17.737671
37.5296594,122.0725664,17.761475
37.5296498,122.0725597,17.743835
37.5296414,122.0725544,17.07959
37.5296329,122.072549,16.863098
37.5296262,122.0725433,17.003906
37.5296156,122.0725357,17.015137
37.5296031,122.0725299,16.936829
37.5295923,122.0725231,16.736938
37.5295858,122.0725126,16.660217
37.5295853,122.0724994,16.640198
37.5295907,122.0724874,16.557068
37.5295975,122.0724727,16.699463
37.5296019,122.0724583,16.838928
37.5296041,122.0724438,16.89093
37.5296078,122.0724296,16.782043
37.5296109,122.0724144,17.310669
37.5296126,122.072398,17.42865
37.5296141,122.0723823,17.389404
37.5296157,122.0723676,17.376221
37.5296178,122.0723532,17.408997
37.52962,122.0723385,17.542297
37.5296238,122.0723252,17.387817
37.5296275,122.0723103,17.461426
37.5296312,122.0722963,17.446655
37.5296339,122.072284,17.571167
37.529635,122.0722728,17.386169
37.5296364,122.0722596,17.188171
37.5296377,122.0722442,17.56366
37.5296387,122.0722268,18.366516
37.5296393,122.0722096,18.730225
37.5296424,122.0721934,18.867859
37.5296448,122.072179,19.129211
37.5296466,122.0721637,19.533081
37.5296504,122.0721485,19.648804
37.5296542,122.0721335,19.680664
37.5296588,122.0721197,19.180786
37.5296647,122.0721064,18.679688
37.5296709,122.072094,18.689819
37.5296754,122.0720791,18.95874
37.5296783,122.0720654,18.830994
37.5296808,122.0720494,19.015015
37.5296838,122.0720328,18.957886
37.5296877,122.0720167,19.295227
37.5296913,122.0720022,19.327759
37.529695,122.0719882,19.44873
37.5296994,122.0719735,19.428284
37.5297036,122.0719591,19.428223
37.5297069,122.0719459,19.311768
37.5297094,122.0719324,19.333618
37.5297113,122.0719186,19.54187
37.5297137,122.0719048,19.625732
37.5297171,122.0718921,19.518066
37.5297215,122.0718806,19.855347
37.5297258,122.0718706,19.835388
37.5297318,122.0718628,19.50177
37.5297393,122.0718559,19.547241
37.5297466,122.0718493,19.647156
37.5297537,122.0718414,19.458191
37.5297624,122.0718339,19.117188
37.5297723,122.0718275,19.431091
37.5297819,122.0718219,19.535583
37.5297922,122.0718167,19.559082
37.5298022,122.0718124,19.402344
37.5298121,122.0718058,19.383057
37.5298219,122.0718,19.287292
37.5298328,122.0717968,19.509338
37.5298437,122.0717937,19.291199
37.5298537,122.0717886,19.398926
37.5298618,122.0717826,19.428894
37.5298702,122.0717756,19.343872
37.5298791,122.0717684,19.583313
37.5298879,122.0717609,19.578186
37.5298968,122.0717531,19.663696
37.5299076,122.0717464,19.640625
37.5299176,122.0717423,19.3526
37.529929,122.0717392,19.075867
37.5299404,122.0717387,18.608582
37.5299516,122.0717396,18.737915
37.5299631,122.0717429,18.756714
37.5299727,122.0717512,18.843872
37.5299801,122.0717638,18.507935
37.5299851,122.0717776,18.203491
37.529991,122.0717911,18.13855
37.5299995,122.0718023,17.998718
37.5300096,122.0718108,17.927917
37.5300201,122.0718177,17.836121
37.53003,122.0718243,17.887085
37.5300407,122.0718322,17.580566
37.5300501,122.0718422,17.78009
37.5300572,122.0718541,17.740723
37.5300635,122.0718661,17.718872
37.530069,122.0718791,17.5401
37.5300737,122.0718926,17.576294
37.5300782,122.0719081,17.604431
37.5300832,122.0719225,17.15686
37.5300874,122.0719373,17.27301
37.530091,122.071952,17.429077
37.5300951,122.0719666,17.329773
37.5300992,122.0719804,17.323059
37.5301036,122.071997,17.408936
37.5301085,122.0720135,17.466492
37.530112,122.0720279,17.449951
37.5301145,122.0720428,17.414185
37.5301176,122.072057,17.348145
37.5301204,122.0720719,16.934448
37.5301239,122.0720849,16.861267
37.5301295,122.0720977,16.823242
37.5301346,122.0721111,16.569397
37.5301361,122.0721252,16.524841
37.530135,122.0721403,16.530273
37.5301327,122.0721546,16.142456
37.5301337,122.0721688,16.532837
37.5301389,122.072182,16.08551
37.5301442,122.0721946,15.856812
37.5301498,122.0722079,15.586365
37.5301531,122.072222,15.587341
37.5301549,122.0722366,15.51416
37.5301584,122.0722501,15.4776
37.5301622,122.0722638,15.695313
37.5301666,122.0722766,15.349548
37.5301717,122.0722897,15.367798
37.5301782,122.0723022,15.682312
37.530184,122.0723146,15.882324
37.5301904,122.0723257,15.74231
37.5301987,122.0723378,15.976929
37.5302073,122.0723492,15.919373
37.5302153,122.0723616,16.031799
37.5302236,122.0723748,16.200073
37.530232,122.0723869,16.500977
37.5302412,122.0723973,16.302856
37.530251,122.0724064,16.549866
37.5302624,122.0724159,16.66864
37.5302745,122.0724253,16.986877
37.5302839,122.0724386,17.641479
37.5302912,122.0724531,17.914734
37.5302969,122.0724677,17.806152
37.5303011,122.0724812,17.923767
37.5303057,122.0724962,17.787292
37.5303101,122.0725106,17.962646
37.530313,122.0725251,18.24939
37.5303161,122.0725383,18.112061
37.5303194,122.0725513,17.715454
37.5303235,122.0725642,17.670288
37.5303281,122.0725778,17.306519
37.5303329,122.072592,17.176208
37.5303371,122.0726068,16.757141
37.530341,122.0726225,16.985779
37.5303457,122.0726389,17.375977
37.5303495,122.0726542,17.273987
37.5303519,122.0726683,16.828613
37.5303544,122.0726819,16.474854
37.5303555,122.072696,16.404846
37.5303584,122.0727103,16.421387
37.5303615,122.0727245,16.514893
37.5303653,122.0727385,16.5672
37.5303691,122.0727527,16.499878
37.5303747,122.0727682,16.570251
37.5303793,122.0727817,16.585876
37.5303822,122.0727967,16.823914
37.5303854,122.0728127,16.835632
37.5303887,122.072828,16.364441
37.5303954,122.0728426,17.056152
37.5304034,122.0728542,17.140991
37.5304113,122.0728658,17.333862
37.5304175,122.0728785,17.362244
37.5304206,122.0728927,17.077881
37.5304224,122.0729058,16.083557
37.5304248,122.0729203,16.069946
37.5304254,122.0729348,15.530945
37.5304284,122.0729492,15.73999
37.5304339,122.0729632,15.536316
37.5304386,122.072978,15.476013
37.5304426,122.0729951,15.902039
37.5304452,122.0730113,16.27124
37.5304462,122.073025,16.22467
37.5304453,122.0730384,16.424438
37.5304448,122.0730534,16.259277
37.5304447,122.0730675,16.856873
37.5304451,122.0730812,17.23291
37.5304472,122.0730954,17.299622
37.5304515,122.0731094,17.469421
37.5304559,122.0731236,17.225769
37.5304574,122.0731375,17.406189
37.530456,122.0731522,17.421204
37.530453,122.0731662,17.407166
37.5304529,122.0731802,16.844299
37.5304537,122.0731932,17.026245
37.5304548,122.0732044,17.252319
37.5304563,122.0732161,17.291504
37.530459,122.0732294,17.479248
37.5304619,122.0732434,17.433899
37.5304652,122.0732574,17.241516
37.5304683,122.0732715,17.240784
37.5304719,122.0732837,17.345032
37.5304747,122.073297,16.810913
37.5304776,122.073311,16.553223
37.5304793,122.0733265,16.214355
37.5304813,122.0733425,16.327515
37.5304852,122.0733576,16.601807
37.5304904,122.0733718,16.670959
37.5304974,122.0733853,16.549866
37.5305039,122.0733982,16.558472
37.5305102,122.073412,16.480103
37.5305156,122.0734274,16.478943
37.5305208,122.073442,16.707214
37.5305262,122.0734559,16.792114
37.530531,122.0734703,16.835449
37.530537,122.0734854,16.942627
37.5305433,122.0734995,17.085999
37.5305493,122.0735138,17.36499
37.530556,122.0735287,17.314209
37.5305614,122.0735428,17.58844
37.5305662,122.0735582,17.904541
37.5305723,122.0735726,18.312805
37.530579,122.0735863,18.631897
37.5305852,122.0735999,19.012329
37.5305908,122.0736132,18.99292
37.5305978,122.0736272,19.061951
37.5306039,122.0736407,19.312683
37.53061,122.073654,19.197632
37.5306155,122.073667,19.184448
37.53062,122.0736813,19.33783
37.5306227,122.0736957,19.323059
37.5306245,122.073711,19.264709
37.5306248,122.0737248,19.471436
37.5306235,122.0737381,19.488342
37.5306213,122.0737516,19.442688
37.5306172,122.0737642,19.454285
37.5306102,122.0737739,19.36554
37.5306025,122.0737832,19.362366
37.5305927,122.0737885,19.07074
37.5305815,122.0737916,18.827332
37.5305715,122.0737957,19.06427
37.5305619,122.073801,19.096008
37.5305525,122.0738071,19.063843
37.5305412,122.0738112,18.630981
37.5305293,122.0738129,18.789917
37.530517,122.0738153,19.354065
37.5305055,122.073819,19.535645
37.5304948,122.0738229,19.453857
